cf1.363700.xyz:8443#US优选节点
cf1.363700.xyz:2053#US优选节点
cf2.363700.xyz:2096#US优选节点
cf3.363700.xyz:2087#US优选节点
cf4.363700.xyz:2083#US优选节点
cf5.363700.xyz:443#US优选节点
